1e-06  4.67207e+06
1.1e-05  5.90618e+07
2.1e-05  3.22642e+07
3.1e-05  2.05243e+07
4.1e-05  1.44432e+07
5.1e-05  1.08517e+07
6.1e-05  8.53085e+06
7.1e-05  6.93155e+06
8.1e-05  5.77528e+06
9.1e-05  4.90771e+06
0.000101  4.23725e+06
0.000111  3.70652e+06
0.000121  3.27792e+06
0.000131  2.92594e+06
0.000141  2.63269e+06
0.000151  2.38532e+06
0.000161  2.17439e+06
0.000171  1.9928e+06
0.000181  1.83513e+06
0.000191  1.69721e+06
0.000201  1.57573e+06
0.000211  1.46808e+06
0.000221  1.37215e+06
0.000231  1.28622e+06
0.000241  1.20891e+06
0.000251  1.13903e+06
0.000261  1.07564e+06
0.000271  1.01792e+06
0.000281  965176
0.000291  916837
0.000301  872401
0.000311  831442
0.000321  793591
0.000331  758526
0.000341  725970
0.000351  695677
0.000361  667433
0.000371  641050
0.000381  616361
0.000391  593216
0.000401  571485
0.000411  551048
0.000421  531801
0.000431  513649
0.000441  496506
0.000451  480297
0.000461  464950
0.000471  450403
0.000481  436600
0.000491  423487
0.000501  411018
0.000511  399149
0.000521  387840
0.000531  377056
0.000541  366762
0.000551  356928
0.000561  347525
0.000571  338529
0.000581  329914
0.000591  321658
0.000601  313741
0.000611  306143
0.000621  298848
0.000631  291837
0.000641  285096
0.000651  278611
0.000661  272368
0.000671  266355
0.000681  260560
0.000691  254972
0.000701  249580
0.000711  244377
0.000721  239351
0.000731  234496
0.000741  229802
0.000751  225263
0.000761  220871
0.000771  216621
0.000781  212504
0.000791  208517
0.000801  204653
0.000811  200906
0.000821  197273
0.000831  193748
0.000841  190326
0.000851  187004
0.000861  183778
0.000871  180643
0.000881  177597
0.000891  174635
0.000901  171754
0.000911  168952
0.000921  166225
0.000931  163571
0.000941  160987
0.000951  0
0.000961  0
0.000971  0
0.000981  0
0.000991  0
0.001000  0
